0153
0154
0155
0173
0222
0226
0246
0274
0278
0296
0335
0342
0352
0372
0385
0438
0439
0487
0492
0526
0543
0595
0655
0660
0674
0684
0733
0747
0801
0879
0899
0904
0925
0948
0965
0973
1040
1042
1063
1107
1151
1174
1203
1218
1224
1231
1307
1315
1316
1323
1340
1357
1381
1393
1431
1451
1462
1526
1603
1633
1656
1693
1754
1757
1788
1805
1806
1840
1942
1946
1981
2019
2057
2059
2083
2152
2189
2193
2212
2215
2216
2236
2256
2266
2271
2322
2337
2341
2371
2387
2396
2416
2448
2450
2514
2515
2534
2584
2621
2635
2637
2644
2656
2665
2670
2686
2690
2699
2742
2752
2804
2805
2842
2866
2867
2880
2882
2890
2897
2914
2987
