0001  80  60  40  55  30  60
0002  60  40  60  45  30  40
0003  60  30  70  50  30  80
0005  60  40  40  40  40  40
0006  40  50  30  45  50  60
0007  60  40  30  45  60  40
0008  80  40  50  45  40  40
0010  60  50  50  55  40  60
0011  60  40  30  45  40  40
0012  60  40  50  40  60  40
0013  60  30  60  35  30  40
0014  40  40  60  50  40  60
0017  40  30  40  50  30  60
0021  40  50  30  50  30  60
0022  60  60  40  55  60  80
0024  60  30  50  55  40  80
0025  60  60  60  70  40  60
0026  60  50  30  60  60  60
0027  80  40  40  35  70  40
0029  40  40  40  45  40  60
0031  80  50  50  50  30  40
0032  40  40  50  55  60  60
0034  60  30  40  45  30  80
0035  40  30  50  40  30  40
0036  40  40  40  50  30  60
0037  40  40  30  40  50  60
0038  60  30  30  50  60  40
0039  60  50  50  40  30  40
0041  80  50  30  55  50  60
0042  40  30  50  45  30  60
0043  60  40  50  40  90  60
0044  60  50  60  55  50  60
0046  60  50  50  35  40  40
0047  40  40  50  55  40  40
0049  60  50  40  60  40  40
0050  60  40  30  40  30  40
0051  40  60  40  45  50  80
0054  40  50  40  65  30  40
0055  60  30  40  40  40  80
0057  60  50  60  40  40  60
0058  60  50  50  40  40  40
0059  40  50  50  50  40  40
0060  40  30  30  35  30  40
0061  60  50  30  55  50  60
0062  40  80  50  55  50  80
0064  40  50  60  55  30  40
0067  80  40  60  50  40  60
0068  60  40  40  50  30  40
0069  60  60  50  45  50  40
0071  80  40  40  35  40  60
0072  60  40  40  40  70  40
0074  60  60  60  50  30  60
0077  40  40  40  45  40  40
0078  60  50  60  40  40  60
0079  80  70  40  45  60  40
0080  40  30  30  35  30  40
0081  40  40  50  40  40  80
0082  60  40  60  40  40  60
0085  60  50  50  40  50  60
0086  40  40  40  45  50  40
0087  40  40  40  50  30  40
0088  60  40  50  45  40  40
0091  60  30  40  45  40  40
0092  40  40  30  50  40  60
0093 100  30  50  55  60  80
0095  60  40  40  60  40  40
0096  60  40  40  40  60  40
0098  60  40  80  55  40  80
0099  40  30  60  60  40  40
0100  80  40  30  55  30  40
0101  40  50  70  45  40  40
0103  40  30  40  45  50  40
0105  60  40  50  45  50  40
0106  40  50  30  60  30  60
0110  40  40  70  45  60  40
0112  40  40  50  50  30  60
0113  60  30  40  45  70  80
0114  40  40  30  55  30  40
0115  40  40  50  45  40  40
0117  60  30  30  50  50  60
0119  60  50  40  40  40  60
0122  60  40  40  40  40  40
0125 100 100 100 100 100 100
0126  60  50  40  60  50  60
0127  40  30  40  45  50  40
0132  40  50  40  40  40  40
0133  40  70  50  50  30  40
0134  60  40  50  40  40  40
0135  40  30  40  35  60  40
0136  60  40  50  55  30  80
0138  80  50  70  60  50  60
0140  60  60  40  55  40  40
0141  40  40  40  40  50  40
0142  40  60  40  55  40  40
0145 100 100 100 100 100 100
0146  40  30  50  40  30  60
0147  40  40  40  35  30  40
0149  60  60  30  50  40  40
0152  40  40  50  45  40  60
0157  40  40  30  40  50  60
0158  40  50  50  45  50  60
0159  40  50  40  60  40  40
0160  40  30  30  35  30  40
0161  40  50  40  35  50  60
0164  60  50  50  45  50  60
0165  40  30  40  45  30  40
0166  80  40  40  50  70  40
0168  60  60  40  50  30  60
0169  60  50  50  45  30  60
0170  40  50  50  60  50  60
0171  60  40  50  55  40  60
0174  80  30  60  45  40  60
0175  40  40  40  45  40  60
0176  60  50  60  40  40  40
0177  40  40  50  50  40  40
0179  60  40  70  40  40  80
0180  40  30  30  35  30  40
0181  60  30  50  50  50  80
0182  60  60  50  45  40  40
0183  60  40  30  45  60  80
0184  40  40  40  55  30  40
0185  40  40  40  55  60  60
0186  40  40  60  40  40  60
0187  60  70  50  40  50  60
0188  40  30  40  50  40  80
0189  40  60  40  50  50  40
0190  40  50  60  50  60  40
0191  40  30  40  55  50  60
0192  40  50  40  40  50  60
0193  40  50  50  45  40  40
0194  40  40  40  55  30  60
0195  40  40  50  55  40  40
0196  40  60  30  45  60  60
0197  40  30  50  45  40  60
0198  40  60  50  55  40  40
0199  60  40  30  45  30  40
0200  40  60  50  50  50  40
0201  60  50  30  45  50  40
0202  60  60  50  45  50  60
0203  60  50  40  55  30  40
0204  60  40  60  50  40  60
0205  40  30  30  55  50  40
0206  40  30  50  65  30  60
0208  60  30  40  40  30  80
0209  60  40  30  45  40  40
0211  40  50  50  45  30  60
0212  80  50  40  45  40  40
0213  40  50  40  40  40  40
0214  40  40  40  50  70  40
0215  60  50  40  40  30  60
0216  60  60  40  55  50  80
0217  40  50  50  50  40  40
0218  60  30  50  60  40  60
0220  60  40  40  60  30  80
0221  40  50  50  40  30  40
0223  40  50  40  50  30  60
0224  40  40  40  40  50  40
0225  40  40  60  50  50  60
0227  40  60  50  35  40  80
0229  60  40  40  45  50  60
0230  40  30  30  40  30  40
0231  40  30  40  50  40  60
0233  40  40  40  55  40  40
0234  60  50  30  35  40  80
0235  40  40  50  55  40  40
0236  80  50  60  50  50  60
0238  40  40  50  50  80  40
0239  60  50  30  40  50  60
0240  40  30  30  35  30  40
0242  40  50  30  40  40  40
0243  40  40  50  45  40  40
0244  60  70  30  40  50  60
0245  60  30  40  45  30  40
0247  40  60  40  50  40  60
0248  80  30  50  45  40  40
0250  60  60  30  45  30  60
0251  80  50  30  50  40  60
0252  40  40  40  50  30  40
0254  80  40  40  55  50  60
0255 100  30  40  55  40  60
0256  40  50  70  45  70  40
0257  60  40  60  45  50  60
0258  40  50  40  45  50  40
0260  60  40  40  60  40  40
0261  40  70  40  40  50  40
0262  40  50  40  50  50  40
0263  80  50  40  60  40  60
0265  60  40  60  45  30  40
0266  40  30  80  45  60  60
0267  60  30  40  40  50  80
0268  40  50  50  40  50  60
0270  60  50  40  40  40  40
0272  40  50  40  40  40  40
0273  40  30  30  50  60  40
0275  40  30  40  60  60  80
0276  80  40  40  45  50  40
0277  40  50  40  40  40  40
0279  60  30  40  55  40  40
0281  80  60  40  50  40  60
0282  60  60  30  45  80  40
0283  40  40  40  60  30  60
0284  60  40  70  45  50  80
0285  80  40  40  50  50  40
0286  40  40  50  40  30  60
0287  40  60  40  45  50  40
0289  80  50  50  65  40  80
0290  40  30  50  40  30  60
0291  80  50  40  55  40  80
0292  60  40  50  55  30  40
0293  60  60  40  45  30  60
0297  40  40  50  35  60  60
0298  40  40  40  45  50  60
0299  40  50  40  40  50  40
0300  40  30  30  35  30  40
0303  40  40  40  50  60  60
0304  60  40  50  45  40  40
0311  60  30  40  40  40  60
0315  40  40  30  55  50  60
0319  60  60  50  45  30  40
0323  60  30  50  55  50  40
0326  40  40  40  50  50  60
0327  40  50  40  60  60  60
0328  60  40  50  50  50  80
0336  40  30  50  40  50  60
0338  40  40  40  45  30  60
0339  60  50  30  65  50  40
0341  80  60  40  40  40  60
0345  80  50  50  45  50  40
0346  40  40  40  60  50  60
0347  40  30  40  55  50  40
0349  40  30  30  45  50  60
0350  40  40  40  45  60  40
0351  40  40  50  55  30  60
0354  40  40  30  55  60  40
0355  40  50  30  60  50  60
0356  40  40  70  60  40  40
0358  60  40  30  45  30  40
0361  40  40  50  60  30  40
0363  60  30  50  45  40  60
0365  40  60  50  50  30  40
0366  40  50  50  50  30  60
0367  80  40  40  45  50  80
0370  40  50  30  40  40  60
0374  40  30  30  60  40  40
0375  60  40  50  45  70  60
0378  60  40  30  50  70  40
0380  40  40  40  50  40  60
0381  40  70  30  55  60  60
0382  60  40  30  35  30  40
0384  60  40  60  45  30  60
0386  60  50  40  45  40  40
0387  40  50  50  45  50  60
0389  60  50  30  55  30  60
0392  40  40  40  60  50  60
0393  40  40  50  40  50  60
0396  80  40  60  45  40 100
0397  60  30  50  50  40  40
0398  40  60  40  50  50  40
0399  40  40  30  60  40  60
0402  40  40  40  45  30  40
0404  80  30  50  50  40  60
0405  40  40  60  45  40  40
0407  80  40  40  45  60  60
0409  60  40  50  60  50  60
0414  60  40  40  55  30  40
0417  60  30  40  50  60  40
0419  40  60  40  40  60  80
0421  40  50  50  45  60  60
0423  80  40  30  45  40  80
0424  80  50  30  35  50  60
0425  40  50  40  45  50  40
0426  60  60  60  45  30  60
0427  40  30  50  40  40  60
0428  60  40  40  60  40  60
0429  40  40  60  45  40  40
0430  60  50  40  50  40  40
0431  60  50  50  40  40  60
0432  40  40  40  50  30  40
0433  80  30  40  50  40  40
0436  40  40  50  45  60  40
0437  40  60  40  50  60  60
0440  80  40  50  50  40  40
0441  60  40  40  45  50  80
0443  40  30  40  50  40  40
0445  40  30  60  50  30  60
0451  40  60  60  45  80  40
0453  40  30  60  40  50  60
0456  40  40  30  55  40  60
0457  40  40  40  40  40  40
0459  60  40  50  45  60  40
0460  40  40  60  50  50  60
0461  40  70  60  50  40  60
0463  40  50  40  50  50  60
0467  40  60  40  50  30  60
0468  60  50  60  55  40  60
0469  60  60  50  35  40  40
0470  60  40  40  65  60  60
0471  40  50  40  45  30  40
0472  80  50  30  50  50  40
0475  60  30  40  45  50  80
0477  40  40  70  50  50  40
0479  40  30  50  50  40  40
0480  40  30  30  35  30  40
0482  60  50  40  50  50  40
0488  40  50  40  50  50  80
0490  60  30  40  40  60  40
0491  40  30  40  50  50  60
0493  80  30  50  50  40  60
0494  60  50  40  65  40  60
0495  40  40  40  50  60  40
0496  40  40  30  55  30  40
0498  60  40  40  45  50  40
0499  60  40  50  45  40  40
0501  60  50  40  50  40  60
0502  40  60  60  45  70  40
0504  60  40  40  40  60  60
0505  60  40  40  40  40  40
0507  40  40  40  60  40  40
0508  80  50  50  40  40  40
0510  40  50  60  55  50  80
0512  40  50  30  40  40  60
0515  80  30  40  50  30  40
0517  60  40  50  45  50  40
0519  40  40  50  40  50  80
0520  60  40  50  55  30  60
0524  60  60  40  40  50  60
0528  80  60  50  55  50  60
0529  60  60  70  55  40  40
0531  40  40  50  50  40  60
0532  40  40  40  40  60  40
0533  40  70  30  45  30  80
0538  40  30  70  60  30  60
0539  60  60  40  60  60  60
0540  40  30  30  35  30  40
0542  40  40  30  45  50  60
0547  40  30  60  35  50  40
0548  40  40  50  55  50  40
0549  60  50  30  65  50  60
0550  60  40  40  40  40  40
0551  60  40  50  45  60  40
0552  60  40  40  50  40  60
0554  40  40  30  40  40  40
0555  60  40  60  55  50  60
0556  40  50  40  50  60  60
0558  40  60  30  65  30  40
0559  40  30  60  60  30  40
0561  60  30  50  50  40  40
0562 100  40  50  60  30  40
0565  60  50  50  40  50  80
0566  40  50  60  40  30  60
0567  40  30  40  55  40  40
0569  40  40  60  60  30  60
0571  60  50  80  50  40  40
0578  40  50  40  50  30  40
0579  40  40  50  35  40  40
0580  40  50  50  50  30  60
0582  60  40  50  50  60  60
0584  60  40  30  45  40  40
0585  80  40  40  40  40  40
0586  80  50  50  45  30  40
0588  60  60  50  40  40  60
0589  40  30  40  45  40  60
0592  40  40  30  75  80  60
0597  40  40  40  45  60  60
0599  60  30  50  45  30  80
0600  40  30  30  35  30  40
0602  60  40  50  45  60  40
0606  40  40  40  35  40  60
0607  60  60  40  55  40  60
0608  40  30  70  40  30  60
0610  40  40  60  55  50  40
0611  40  40  30  50  30  40
0619  40  40  30  50  30 100
0620  40  30  30  40  40  60
0622  40  40  30  40  50  40
0624  60  40  40  45  40  60
0625  60  30  40  50  30  40
0629  40  40  60  55  40  40
0630  40  50  60  55  40  60
0633  60  40  60  45  60  40
0634  40  60  40  40  30  40
0635  40  40  60  45  50  60
0636  40  30  60  45  70  60
0637  40  60  40  55  30  40
0638  40  30  30  40  30  60
0639  60  50  30  55  50  60
0644  60  30  50  70  40  40
0649  40  50  40  55  30  60
0652  40  50  50  60  40  40
0654  60  30  40  50  50  40
0656  60  50  40  60  50  60
0658  40  50  40  40  50  40
0661  60  40  50  50  50  60
0664  40  40  40  40  40  60
0665  40  50  50  40  40  80
0667  40  60  40  45  40  40
0668  40  50  50  45  50  40
0670  60  40  30  45  30  40
0673  80  30  40  35  30  40
0677  40  50  50  60  70  40
0679  40  40  30  40  40  60
0680  80  30  40  45  40  40
0681  40  30  60  45  40  60
0683  80  30  30  55  50  40
0686  40  50  40  50  30  40
0687  40  30  40  55  40  40
0691  60  40  60  45  50  60
0692  80  30  50  45  40  60
0693  60  50  40  50  40  60
0697  60  50  50  50  40  60
0698  60  50  50  55  50  40
0699  60  50  50  45  40  40
0700  40  30  70  55  50  60
0701  60  50  40  45  30  40
0703  60  50  50  45  40  60
0704  40  60  40  45  30  80
0705  40  30  50  50  40  40
0706  40  30  30  40  40  60
0708  40  40  50  40  50  40
0709  40  50  30  45  30  40
0712  60  40  50  60  40  80
0713  40  50  50  40  50  80
0714  40  40  30  50  30  60
0715  60  40  40  45  50  40
0716  40  50  40  55  40  40
0718  40  50  40  45  30 100
0719  40  40  40  50  40  60
0720  40  30  30  35  30  40
0724  60  40  40  35  40  40
0727  40  40  50  50  40  40
0728  60  80  50  45  40  60
0729  60  40  60  45  40  40
0731  80  30  40  55  60  40
0734  60  40  30  60  60  40
0735  40  40  40  40  40  60
0738  60  30  30  45  30 100
0739  40  30  40  60  50  60
0741  80  50  40  45  40  60
0743  40  40  40  50  50  60
0744  60  60  40  45  40  60
0745  40  50  30  40  30  60
0750  40  30  70  40  30  60
0752  40  60  50  45  40  80
0755  60  40  40  55  40  60
0757  80  50  60  55  40  40
0758  40  50  40  45  50  40
0759  40  50  30  50  60  40
0760  60  30  50  40  50  40
0761  40  30  30  40  50  80
0762  60  30  70  50  50  60
0763  40  60  40  55  40  60
0765  40  40  40  50  50  60
0775  60  50  40  55  50  40
0776  60  60  30  45  70  60
0777  60  30  50  50  40  60
0778  60  60  50  40  40  60
0779  40  40  40  35  40  40
0780  40  30  30  35  30  40
0781  40  60  50  45  40  40
0782  40  40  40  45  50  40
0783  60  30  70  50  30  40
0784  60  60  30  50  40  40
0785  40  50  60  40  40  60
0788  40  50  50  35  30  40
0793  40  40  30  60  30  80
0795  40  40  40  50  50  40
0796  60  60  30  45  60  40
0797  40  40  50  45  60  40
0802  40  60  50  45  30  40
0803  60  40  40  50  30  80
0804  80  40  60  40  50  80
0808  40  40  30  35  50  40
0811  40  60  50  40  40  40
0812  40  40  50  50  40  40
0814  40  40  50  55  60  60
0815  60  40  30  45  30  60
0816  40  40  60  45  30  40
0819  40  60  40  45  50  40
0821  60  40  30  45  60  60
0822  60  40  50  40  40  60
0823  60  30  60  45  40  40
0827  40  60  40  65  40  60
0830  40  70  30  50  40  60
0831  60  50  30  55  60  60
0832  40  40  50  50  40  40
0833  60  30  40  60  60  40
0834  60  60  30  55  40  40
0835  40  40  30  55  50  40
0836  40  60  50  45  40  60
0837  60  60  60  35  30  40
0839  60  50  60  45  50  60
0841  40  30  30  40  50  40
0842  60  40  40  45  50  60
0843  40  50  30  40  30  80
0845  40  60  50  50  50  60
0848  80  40  30  50  60  40
0850  60  40  60  55  40  40
0852  40  30  40  55  60  80
0853  40  40  60  40  40  60
0857  60  30  50  40  30  60
0858  40  40  50  55  50  60
0859  40  40  40  50  50  40
0860  40  60  30  40  70  40
0861  80  40  60  45  40  40
0862  40  40  40  45  40  40
0864  40  40  50  45  30  60
0866  40  40  40  45  30  40
0867  40  40  30  40  40  40
0868  60  30  40  50  40  40
0870  40  60  40  40  60  40
0871  80  50  50  50  30  40
0873  40  30  60  35  40  60
0876  60  50  40  45  40  80
0877  60  40  70  45  50  60
0878  60  50  50  50  30  40
0880  40  30  30  35  30  40
0881  40  40  50  40  30  40
0882  40  40  50  40  40  40
0883  60  50  60  50  40  60
0884  40  40  50  45  30  40
0885  40  50  60  40  30  40
0886  60  30  40  40  50  40
0887  60  60  40  60  50  40
0893  80  30  50  50  40  80
0894  40  40  50  65  40  40
0895  40  60  30  45  40  60
0896  40  40  40  55  50  80
0897  40  30  50  40  60  40
0901  40  60  50  40  40  40
0902  60  70  60  50  70  60
0905  40  60  30  50  30  60
0906  60  30  60  40  50  60
0908  80  30  50  45  40  60
0909  40  30  40  55  40  60
0910  40  60  50  40  50  60
0911  40  60  30  55  40  60
0912  60  30  40  45  50 100
0915  40  50  60  50  40  40
0919  60  50  50  60  40  60
0922  40  70  60  45  40  40
0923 100  40  40  50  60  60
0924  60  30  40  50  50  60
0926  80  30  30  55  50  80
0929  40  50  60  55  40  40
0930  40  40  40  50  40  40
0932  40  50  40  40  30  40
0936  40  40  50  50  60  40
0938  40  50  40  45  40  40
0941  80  40  50  50  40  60
0943  40  30  30  40  70  60
0944  40  50  40  40  50  60
0947  60  40  60  40  50  40
0949  40  50  50  45  50  40
0950  40  40  50  65  50  60
0951  40  60  50  55  50  40
0952  40  50  40  40  50  40
0955  60  50  30  50  40  40
0957  40  60  40  55  40  60
0958  60  40  60  45  50  60
0960  40  30  30  35  30  40
0966  40  50  30  50  30  80
0967  60  40  50  50  50  40
0969  60  30  50  60  50  40
0970  40  40  30  55  30  40
0972  40  30  30  40  40  60
0975  60  50  40  50  30  80
0976  60  40  60  45  50  40
0977  60  30  30  40  40  40
0978  80  40  50  45  40  40
0979  60  50  50  45  80  40
0981  40  30  40  55  50  60
0982  40  40  50  55  50  40
0984  40  70  40  45  40  40
0987  80  40  50  45  50  60
0988  40  60  40  45  60  80
0989  40  50  40  50  50  60
0991  60  50  50  55  40  60
0993  60  40  30  45  40  40
0995  60  40  40  35  40  40
0996  80  50  30  45  50  40
0998  60  40  70  55  40  60
0999  40  60  30  50  50  80
1003  60  60  30  60  50  80
1005  60  50  50  40  50  60
1007  40  60  30  50  40  60
1008  40  30  40  40  40  80
1012  60  30  40  45  40  60
1013  60  60  40  40  50  60
1015  60  40  50  45  50  40
1017  40  40  40  45  50  60
1021  40  30  40  70  50  60
1022  40  40  30  45  40  40
1023  40  60  50  60  40  40
1024  40  40  70  45  60  40
1025  40  40  30  60  50  40
1026  60  60  50  50  50  80
1027  40  50  40  45  40  60
1033  40  40  70  55  40  60
1037  60  50  40  55  40  80
1038  40  50  60  45  50  40
1039  40  60  60  40  50  60
1041  40  50  50  50  60  60
1044  40  40  40  45  50  40
1045  40  40  50  45  60  40
1046  60  70  50  50  50  40
1047  60  50  60  60  50  60
1048  60  50  60  40  40  40
1049  40  40  60  40  40  80
1053  40  50  50  40  30  40
1054  60  40  50  45  40  40
1057  60  30  60  40  40  60
1058  60  40  40  50  60  40
1059  40  50  50  35  40  60
1060  60  30  50  55  30  40
1061  40  60  50  50  50  40
1064  60  60  40  40  40  40
1065  60  40  50  50  50  80
1067  60  30  40  70  40  60
1068  60  50  30  50  40  40
1069  60  30  30  40  30  40
1070  40  50  30  50  40  60
1071  80  30  50  35  50  40
1072  60  30  50  65  40  40
1073  40  40  40  50  50  40
1074  40  50  40  55  50  40
1076  40  40  50  40  50  80
1077  60  40  40  45  30  40
1078  40  30  40  35  40  60
1079  40  70  30  40  40  40
1080  40  30  30  35  30  40
1083  80  30  60  45  30  60
1084  60  30  50  40  50  40
1085  60  40  40  35  60  40
1087  60  50  80  60  40  40
1088  40  40  30  55  50  80
1090  40  30  40  60  40  40
1094  80  60  70  40  30  80
1095  40  30  50  55  70  40
1097  40  50  30  40  40  60
1098  80  50  30  45  40  40
1100  40  70  30  55  40  40
1103  60  40  50  50  40  60
1104  60  40  40  35  40  60
1109  60  40  40  50  60  60
1111  60  60  30  35  40  40
1112  80  40  60  55  50  40
1113  60  30  40  40  40  40
1114  40  40  60  45  40  40
1115  40  50  40  40  40  60
1116  60  40  30  60  60  40
1117  60  50  30  50  60 100
1118  80  40  30  50  40  60
1119  40  40  30  45  50  60
1120  40  30  30  35  30  40
1122  40  50  40  55  40  40
1123  60  50  40  50  50  40
1126  40  50  30  45  40  60
1128  40  30  50  40  30  60
1130  40  40  50  35  30  60
1133  40  40  50  50  40  40
1137  40  50  30  70  40  60
1138  80  40  40  50  60  60
1140  40  30  30  35  30  40
1141  60  60  60  50  50  40
1142  60  70  40  55  40  60
1144  60  50  40  50  40  80
1147  60  40  30  40  30  40
1148  40  40  60  40  60  60
1149  40  30  30  40  40  40
1152  40  50  40  50  40  40
1154  40  50  50  65  40  60
1155  40  50  50  35  30  40
1156  80  40  50  35  60  60
1157  80  60  40  60  30  80
1158  60  40  50  40  40  60
1159  60  50  50  50  30  80
1160  60  40  50  60  40  40
1161  40  30  40  50  60  80
1163  40  50  40  45  40  40
1165  40  40  50  50  40  40
1170  60  40  40  45  40  40
1171  60  40  50  40  30  40
1173  80  50  40  35  40  60
1176  40  50  40  40  60  40
1180  60  70  30  50  40  60
1181  40  40  50  40  60  40
1185  40  40  70  45  40  60
1187  80  40  30  45  50  40
1188  40  50  40  40  40  40
1190  80  40  40  45  50  40
1192  40  50  60  50  30  80
1196  60  50  40  55  50  80
1200  40  30  30  35  30  40
1201  40  40  50  55  30  40
1204  40  60  40  50  40  40
1207  60  40  50  55  60  40
1211  60  40  50  50  40  80
1213  80  40  30  55  40  40
1214  60  30  40  45  40  60
1216  80  40  50  55  50  40
1221  60  50  60  45  40  60
1222  60  40  50  55  30  40
1223  60  40  40  45  70  60
1225  60  50  30  60  50  60
1232 100  40  50  50  40  40
1234  40  30  30  40  40  40
1235  80  50  40  45  50  40
1237  60  50  50  55  40  60
1238  40  50  40  40  40  40
1239  40  50  30  55  40  80
1242  60  60  60  55  50  60
1244  60  40  40  45  60  60
1246  60  30  40  50  60  40
1247  40  30  40  70  50  60
1249  40  40  30  50  50  40
1250  40  40  60  45  50  40
1251  40  60  50  45  50  40
1252  40  50  50  50  30  40
1255  40  60  40  40  40  40
1256  80  30  30  55  40  40
1258  40  60  60  45  40  40
1262  40  30  40  40  50  60
1263  60  50  40  45  50  40
1266  60  40  40  45  30  60
1269  40  30  40  55  30  60
1273  60  40  50  45  60  40
1275  80  30  40  50  50  60
1276  40  40  50  45  50  60
1277  60  50  50  35  40  60
1278  60  30  70  50  60  40
1280  40  30  30  35  30  40
1281  80  50  50  35  40  40
1284  40  40  40  50  50  80
1285  40  60  60  50  40  40
1286  40  60  30  40  40  60
1287  40  40  50  40  50  60
1288  60  50  30  55  40  40
1292  40  50  40  50  50  60
1293  60  40  30  55  30  40
1294  40  40  40  55  40  40
1295  40  60  30  45  50  40
1298  40  50  30  40  70  60
1302  40  40  40  50  50  60
1303  60  50  40  50  40  40
1304 100  50  30  50  40  60
1306  60  30  40  65  30  40
1308  60  40  40  45  50  80
1309  40  30  30  55  50  40
1310  40  40  50  45  50  40
1313  60  30  60  45  60  60
1325  80  50  50  65  50  40
1326  60  40  40  45  40  60
1328  80  60  40  55  30  60
1330  40  40  30  60  40  80
1331  60  30  30  45  40  60
1333  60  40  40  40  40  40
1334  60  50  60  40  60  40
1335  60  50  50  65  60  80
1336  60  70  60  55  40  60
1337  60  40  60  50  40  40
1338  80  50  30  45  60  40
1339  60  40  30  45  60  40
1341  60  60  40  40  30  60
1342  60  60  40  35  40  40
1344  40  30  30  40  60  60
1345  60  50  40  45  30  40
1348  60  40  40  55  50  40
1349  40  40  30  50  40  40
1353  60  30  50  45  70  60
1355  40  50  40  45  50  60
1358  40  50  30  50  50  60
1360  40  30  30  35  30  40
1361  40  50  70  45  40  60
1362  40  40  30  50  50  60
1363  80  50  30  40  60  60
1367  60  50  50  60  60  40
1368  60  40  60  35  50  40
1370  60  60  50  50  50  60
1371  60  50  70  50  40  60
1373  60  30  30  45  30  40
1374  40  40  40  50  40  40
1375  60  40  40  40  50  60
1377  40  50  50  45  40  80
1380  40  30  30  35  30  40
1383  60  40  50  40  30  60
1387  60  40  30  55  40  40
1389  40  60  40  40  30  80
1395  60  50  40  50  50  60
1396  40  60  40  55  50  60
1398  40  50  40  45  50  60
1399  60  60  30  60  50  40
1400  80  40  40  45  30  40
1401  60  40  40  40  60  60
1402  40  60  30  50  60  80
1403  60  40  50  55  50  40
1405  40  50  50  40  40  60
1406  80  40  40  45  40  40
1409  80  30  40  60  40  40
1411  60  40  60  50  50  40
1412  40  40  30  55  30  60
1413  40  50  50  50  40  40
1414  60  40  30  55  50  60
1415  40  30  40  40  60  60
1417  60  70  50  45  50  80
1418  80  40  30  50  50  60
1419  40  50  60  50  40  40
1420  60  50  40  55  30  80
1423  60  60  50  45  50  40
1425  40  40  40  40  60  40
1427  80  50  30  35  30  40
1429  60  70  30  50  50  40
1430  60  50  50  40  40  40
1432  40  50  30  35  40  80
1436  60  40  50  50  40  40
1439  60  30  60  45  30  60
1440  40  30  30  35  30  40
1442  40  40  60  50  30  80
1447  40  60  40  45  40  60
1448  40  40  60  40  30  80
1450  40  40  40  55  60  40
1452  80  30  60  40  30  80
1455  60  50  70  50  40  40
1459 100  60  50  40  30  60
1460  80  40  50  50  30  40
1463  60  30  40  35  50  40
1464  40  50  30  45  40  80
1465  60  40  40  45  50  40
1467  60  30  40  40  50  80
1468  40  40  50  45  50  80
1470  40  50  50  55  50  60
1471  80  50  50  50  60  80
1472  40  30  80  50  50  40
1473  40  50  40  65  30  40
1475  40  60  50  40  30  40
1476  40  50  30  50  30  40
1477  80  40  40  40  60  40
1478  80  40  40  50  40  60
1479  60  40  40  55  30  40
1481  40  40  40  50  40  60
1483  40  30  60  45  50  80
1485  80  60  50  65  60  40
1486  40  40  40  40  50  40
1487  80  50  30  35  40  40
1490  60  40  30  40  30  60
1492  40  70  40  60  30  40
1493  60  50  40  45  70  40
1502  40  40  30  45  40  60
1504  60  40  50  45  50  60
1505  60  60  40  45  30  60
1506  40  50  40  50  30  60
1507  40  50  40  50  60  40
1508  40  30  30  40  40  40
1510  40  40  50  45  40  60
1511  60  40  30  55  40  60
1512  40  50  50  55  60  40
1514  80  40  40  50  40  60
1516  80  50  40  45  50  60
1519  60  50  60  60  50  40
1522  40  50  50  40  40  40
1523  40  30  40  50  60  40
1524  60  70  40  40  40  40
1527  60  40  60  50  30  40
1528  40  40  40  35  40  40
1531  60  40  50  55  70  60
1534  60  30  50  45  50  40
1536  60  70  30  40  50  60
1541  60  50  50  55  50  60
1542  60  60  50  55  50  60
1543  60  50  70  55  60  60
1545  40  60  40  55  30  60
1547  40  30  40  40  50  40
1548  60  30  30  60  30  60
1552  60  50  40  50  50  60
1555  60  70  40  55  50  40
1557  40  30  60  60  50  60
1559  60  50  40  35  30  40
1560  40  30  30  35  30  40
1562  40  40  30  55  50  40
1563  60  30  40  50  40  40
1566  60  30  50  50  50  40
1567  60  40  30  45  70  60
1568  40  50  30  65  30  40
1569  80  50  30  45  40  40
1572  40  50  40  45  30  60
1573  80  50  40  45  50  40
1574  60  30  30  40  40  60
1578  60  30  50  55  50  40
1580  60  50  30  50  50  60
1582  40  40  60  45  30  40
1583  60  30  40  35  40  40
1585  60  40  50  55  40  60
1587  40  40  50  50  50  40
1594  40  50  50  60  50  60
1595  40  40  60  60  40  40
1597  80  40  30  55  30  80
1599  80  50  50  55  50  60
1601  60  50  40  50  30  60
1602  40  50  30  45  30  40
1605  40  30  30  55  40  60
1609  40  40  40  45  30  60
1610  40  40  40  55  40  80
1611  60  50  40  45  50  60
1612  40  30  30  40  50  40
1616  60  40  40  50  60  40
1617  60  40  50  45  50  40
1619  40  40  40  60  70  80
1620  40  30  30  35  30  40
1622  40  30  50  50  30  60
1624  40  40  40  45  40  60
1625  40  30  50  40  50  60
1628  60  50  50  40  50  60
1629  60  30  30  50  40  60
1631  60  40  40  40  40  40
1635  40  40  40  50  30  60
1636  40  40  40  45  40  40
1637  60  40  60  45  30  40
1638  40  60  40  45  30  60
1642  40  40  40  45  40  40
1643  80  40  40  55  40  80
1645  40  30  40  50  40  60
1647  40  40  40  50  60  60
1648  40  60  50  40  40  80
1650  40  40  60  45  40  40
1653  60  50  30  45  30  80
1658  40  40  30  50  30  40
1660  40  60  40  50  40  40
1661  40  60  30  35  30  60
1663  40  30  50  50  30  40
1665  40  40  50  45  50  40
1668  40  60  30  45  40  40
1670  40  40  40  45  40  60
1671  40  40  50  45  40  40
1672  40  40  50  60  40  40
1673  60  50  40  50  30  40
1675  40  40  50  40  30  40
1676  60  40  50  45  40  40
1677  60  30  50  50  40  40
1679  60  50  40  50  30  60
1680  40  30  30  35  30  40
1682  40  40  50  50  40  60
1683  60  30  40  55  30  40
1686  60  50  40  55  50  40
1689  40  40  30  45  50  40
1690  60  50  30  35  60  60
1691  80  30  50  50  50  60
1692  40  40  50  45  70  60
1694  40  40  60  35  70  60
1698  60  50  50  45  30  40
1701  60  40  40  40  60  40
1702  40  40  40  50  40  40
1704  40  40  30  45  40  40
1705  60  50  70  50  40  40
1707  40  50  30  60  50  40
1710  40  30  40  50  50  40
1711  60  50  30  45  30  40
1716  40  60  40  50  60  40
1717  40  30  40  50  60 100
1718  40  60  40  40  40  40
1720  40  40  30  45  50  40
1725  40  50  50  35  50  40
1726  60  50  50  45  60  80
1731  40  70  50  50  30  40
1732  60  40  40  70  40  80
1733  40  50  40  55  30  40
1738  80  50  30  45  50  60
1740  40  30  30  35  30  40
1741  40  50  40  50  40  40
1742  80  40  40  40  30  80
1743  80  70  50  45  40  40
1744  80  50  60  50  50  40
1745  60  50  30  35  60  60
1748  60  50  50  55  50  40
1749  40  50  60  50  40  60
1751  40  30  50  40  50  40
1755  40  40  40  45  40  60
1759  60  40  60  45  30  40
1760  40  30  30  35  30  40
1761  80  60  40  45  30  40
1762  60  50  40  45  50  60
1765  40  40  30  50  40  40
1767  60  40  40  50  50  40
1768  40  50  40  50  40  40
1769  40  60  60  45  40  40
1771  40  50  30  50  60  60
1774  40  60  30  45  30  40
1778  60  50  30  45  40  40
1779  60  30  40  55  50  40
1780  60  50  40  45  30  80
1781  40  40  60  60  30  40
1782  60  40  60  50  30  40
1785  80  40  60  55  40  60
1790  40  30  50  45  50  60
1795  60  40  40  55  50  40
1797  60  40  50  45  30  40
1798  60  50  50  50  50  80
1799  40  30  60  50  40  40
1800  40  30  30  35  30  40
1803  40  40  30  45  50  40
1804  40  40  40  50  30  40
1808  80  50  80  40  40  60
1809  40  70  50  60  70  40
1811  40  60  50  40  40  40
1812  60  30  30  45  40 100
1817  60  50  50  50  40  80
1820  60  40  40  40  50  40
1823  60  60  30  40  40  80
1824  60  50  50  45  40  80
1825  60  50  30  45  50  40
1827  40  30  60  45  40  60
1829  40  60  40  65  50  40
1833  40  30  50  40  50  80
1836  40  40  50  45  40  60
1837  60  50  50  55  40  60
1839  40  50  30  35  50  40
1841  40  40  50  50  60  40
1845  60  50  40  55  40  60
1846  40  40  60  50  40  40
1847  60  60  70  55  40  40
1849  60  40  40  50  50  60
1851  40  40  50  50  40  40
1852  80  40  30  55  30  60
1854  40  50  70  55  50  40
1857  40  40  60  40  50  60
1860  40  30  30  35  30  40
1861  60  50  60  45  50  60
1863  40  30  60  40  50  40
1864  60  30  50  45  40  80
1867  60  60  50  40  60  40
1871  40  50  50  40  50  60
1873  60  30  40  45  40  60
1876  40  30  40  50  60  80
1877  60  30  50  35  30  40
1878  40  60  40  45  40  40
1879  40  70  30  50  40  60
1884  60  40  50  45  40  40
1885  60  40  30  50  50  40
1886  40  30  50  50  30  40
1889  40  30  30  40  40  40
1890  40  30  40  55  50  40
1891  40  40  50  55  50  60
1892  60  50  50  60  30  40
1893  60  40  40  45  30  40
1894  40  40  60  50  40  60
1898  60  40  30  50  50  40
1899  60  30  50  40  50  60
1903  40  50  60  40  40  40
1904  40  40  50  50  70  40
1906  80  30  40  45  50  80
1907  40  40  60  40  50  60
1908  40  40  40  60  40  60
1911  60  40  30  40  40  80
1912  40  40  50  45  30  40
1913  40  30  40  55  30  80
1915  60  30  40  55  40  60
1916  40  60  30  45  30  40
1918  60  50  50  40  70  60
1921  40  70  50  40  40  60
1923  60  40  60  45  50  60
1924  40  50  30  40  40  40
1926  60  40  40  65  60  80
1927  40  50  40  40  50  40
1929  60  70  30  60  30  40
1931  40  50  30  40  40  40
1934  60  30  30  55  40  60
1935  60  40  40  50  50  40
1936  60  40  50  40  30  60
1937  40  30  50  50  40  40
1938  60  50  30  45  40  40
1939  60  60  40  50  50  40
1940  60  30  30  40  40  60
1941  40  40  60  50  50  80
1944  80  60  50  60  50  40
1947  60  50  40  55  50  60
1948  40  40  40  50  50  60
1949  60  60  40  50  30  40
1952  40  60  50  45  70  40
1954  60  50  50  40  50  40
1955  60  30  40  60  40  60
1957  60  30  40  45  50  40
1958  40  40  40  40  40  80
1959  40  60  30  45  50  40
1960  40  40  50  45  30  40
1961  40  30  40  55  30  40
1965  80  40  40  55  40  40
1967  40  50  40  45  40  40
1968  40  40  40  60  50  60
1971  40  40  40  40  50  40
1972  80  30  30  45  30  40
1975  60  50  40  55  40  60
1976  80  40  60  40  40  40
1977  40  40  50  40  40  80
1979  40  30  60  50  30  40
1980  40  30  30  35  30  40
1982  60  40  40  55  40  40
1983  60  50  40  55  30  60
1984  60  30  50  55  30  60
1985  60  40  50  40  50  80
1986  40  40  30  55  70  40
1991  40  50  40  45  40  60
1995  60  40  30  40  40  40
1997  40  40  40  45  30  40
1998  40  40  60  50  50  60
1999  60  30  30  50  40  40
2000  40  30  30  35  30  40
2004  60  50  50  45  60  60
2005  40  40  60  50  30  40
2006  40  50  30  55  50  80
2007  40  50  80  55  50  40
2009  40  30  50  50  50  40
2011  60  50  40  45  50  40
2016  60  30  40  40  50  60
2017  40  70  40  60  40  40
2018  40  50  30  60  50  60
2020  60  50  40  45  40  60
2021  80  40  30  55  60  40
2023  40  30  40  55  40  80
2024  40  40  70  60  40  40
2025  40  50  40  45  50  60
2026  40  40  50  55  50  60
2027  60  40  40  50  30  60
2028  60  30  50  55  50  60
2029  60  40  40  40  40  40
2030  60  40  60  50  30  60
2032  40  60  50  45  70  40
2033  40  60  50  55  40  40
2035  40  60  50  35  40  40
2037  40  30  40  50  70  40
2038  80  40  40  45  30  60
2041  80  30  30  45  50  40
2042  80  30  60  50  50  60
2044  80  40  40  45  40  40
2047  40  30  50  55  40  80
2050  60  50  40  40  40  40
2051  40  30  70  40  30  40
2054  40  30  50  45  40  80
2056  40  40  40  45  60  40
2062  60  60  30  45  40  40
2063  60  60  30  40  30  40
2064 100  50  50  45  60  60
2067  80  30  40  50  40  60
2069  60  50  40  40  40  40
2075  40  40  50  45  70  40
2078  60  40  30  50  40  40
2079  60  30  60  50  70  60
2082  40  30  50  45  40  40
2084  40  50  30  60  50  60
2086  40  50  50  35  40  40
2089  60  50  50  40  30  80
2090  80  40  70  45  50  60
2091  80  30  30  45  60  40
2093  40  30  50  45  40  60
2094  40  30  40  45  40  40
2096  40  40  30  40  50  40
2097  40  60  50  45  60  60
2098  60  70  40  50  40  40
2099  40  40  40  35  40  80
2103  60  40  60  40  30  40
2106  60  40  30  40  60  40
2110  60  40  40  45  50  60
2112  40  40  40  50  40  60
2117  40  60  30  55  50  80
2121  60  60  50  50  70  40
2124  60  30  30  65  50  40
2125  60  50  60  35  50  60
2126  60  50  30  50  40  60
2127  80  60  40  45  70  60
2129  60  50  30  40  50  40
2132  40  40  30  55  50  60
2134  40  40  50  50  40  40
2136  40  40  40  55  50  40
2138  40  60  40  50  40  40
2139  40  50  40  50  40  40
2140  60  50  50  55  40  60
2142  40  60  40  55  30  40
2143  60  40  50  65  70  60
2144  40  30  40  45  50  40
2145  40  50  50  50  60  40
2148  40  60  60  40  40  40
2149  40  50  40  45  50  40
2150  40  30  30  40  30  80
2153  40  40  40  35  40  60
2158  60  50  40  45  60  40
2159  60  40  50  35  50  40
2161  60  60  50  45  50  40
2162  40  30  50  50  30  40
2164  40  50  30  40  40  40
2167  40  40  40  55  50  60
2168  60  30  40  45  50  60
2169  60  50  50  50  50  40
2175  60  30  70  45  40  60
2176  40  40  30  50  50  40
2180  60  40  30  50  40  40
2181  60  40  50  65  40  60
2186  80  30  50  40  30  40
2188  40  40  40  40  60  60
2191  40  40  70  45  40  60
2197  60  30  60  40  30  40
2200  40  50  70  45  70  60
2201  40  60  50  55  30  60
2203  60  30  40  55  50  60
2206  40  30  40  40  40  60
2208  80  30  30  70  50  40
2213  60  30  30  40  50  40
2214  40  50  50  60  30  40
2218  60  30  40  55  40  80
2219  40  40  40  45  40  60
2221  80  50  70  50  40  60
2222  40  50  40  50  70  40
2225  40  30  40  50  50  40
2226  60  50  30  75  50  40
2227  40  50  30  60  60  60
2229  40  50  60  35  50  60
2230  60  40  40  40  30  60
2232  40  30  40  45  40  60
2235  60  60  40  50  50  60
2237  40  40  60  50  50  40
2238  60  50  40  50  40  60
2241  40  30  50  50  50  60
2245  40  30  50  40  30  60
2246  60  40  50  40  70  60
2247  60  60  40  55  50  40
2249  80  30  70  45  50  80
2250  60  40  50  45  30  40
2251  40  40  40  50  50  40
2254  40  40  30  55  40  80
2255  60  60  30  60  60  40
2258  40  40  40  50  70  80
2262  60  50  30  40  30  40
2263  40  50  50  45  50  40
2268  60  50  30  40  30  60
2269  40  30  60  55  30  40
2272  80  50  40  60  50  40
2273  60  40  50  55  50  60
2276  40  30  30  45  40  40
2278  40  30  40  50  50  40
2281  40  50  40  45  60  40
2282  40  40  60  45  40  80
2284  60  40  50  35  50  40
2288  40  40  40  45  60  60
2289  40  30  40  55  40  60
2290  40  60  70  45  30  40
2291  60  30  40  55  50  60
2292  40  40  60  45  40  80
2294  40  60  40  40  60  60
2296  40  40  40  45  40  40
2297  60  70  60  55  40  60
2302  80  40  40  50  40  60
2303  40  40  60  55  50  60
2305  60  50  60  45  40  60
2308  60  30  40  55  40 100
2309  40  30  30  45  40  40
2310  40  50  40  40  50  60
2311  60  30  40  40  40  60
2313  60  40  60  45  50  60
2314  60  50  60  45  40  80
2315  40  60  40  50  50  40
2318  40  40  30  45  60  40
2321  40  50  30  50  50  60
2324  60  40  50  35  40  60
2327  60  30  50  35  40  60
2330  80  40  40  60  40  40
2331  60  50  40  60  60  40
2333  40  40  50  50  30  40
2334  40  30  30  60  40  60
2335  60  60  30  50  50  60
2336  40  50  40  35  50  40
2339  40  40  40  40  40  40
2340  40  30  30  35  30  40
2343  40  30  40  45  40  60
2344  60  50  50  40  50  40
2347  60  40  40  45  50  60
2353  60  40  30  55  40  80
2354  40  40  30  35  40  60
2359  40  40  30  45  30  40
2362  40  50  40  60  50  40
2364  40  40  50  45  40  40
2366  60  40  30  50  50  60
2369  80  40  30  50  90  40
2372  80  50  40  45  50  60
2376  40  40  30  45  50  60
2377  40  40  30  50  30  80
2379  40  50  50  35  70  60
2381  60  40  40  55  40  60
2382  60  50  40  45  40  40
2383  40  40  40  45  60  40
2385  60  60  40  45  40  40
2390  80  40  50  45  40  40
2391  60  40  60  50  50  60
2392  80  40  50  35  70  40
2393  60  40  40  55  50  40
2394  60  50  60  45  50  60
2395  40  50  40  60  40  40
2399  40  40  30  50  70  40
2400  40  30  30  35  30  40
2404  40  70  50  45  40  40
2405  60  30  40  45  40  60
2410  80  40  70  50  50  60
2412  40  30  30  50  70  60
2413  80  40  60  55  50  40
2415  40  60  40  50  50  60
2417  60  40  70  50  50  60
2423  40  30  60  55  50  40
2425  80  40  30  40  30  60
2426  40  50  40  65  50  60
2428  60  40  30  40  30  60
2430  40  50  40  70  30  40
2431  60  50  40  40  30  40
2432  40  50  50  40  50  60
2435  40  50  40  40  40  40
2437  60  30  60  55  60  60
2438  40  50  50  50  40  60
2439  60  40  40  35  40  60
2445  40  70  50  50  30  60
2446  40  50  40  55  30  40
2447  80  50  30  45  50  60
2449  60  40  50  45  50  60
2453  40  70  30  45  50  80
2454  60  50  40  60  70  40
2456  40  40  50  40  50  60
2458  60  40  40  55  30  60
2459  80  40  60  50  40  40
2460  40  30  30  35  30  40
2463  60  50  50  45  50  40
2464  40  40  50  50  30  60
2466  60  30  50  40  40  60
2468  60  40  40  50  40  40
2469  40  60  40  55  30  40
2470  40  40  50  45  30  40
2472  60  40  30  55  40  40
2473  40  50  40  55  40  40
2476  40  40  30  40  30  40
2477  60  30  50  55  40  60
2478  40  40  30  40  40  40
2479  40  30  60  45  30  60
2480  40  30  30  35  30  40
2481  60  50  50  50  30  60
2483  60  40  40  40  40  60
2485  60  40  60  45  40  40
2486  40  30  40  55  40  40
2488  40  60  50  55  40  60
2489  40  40  40  35  40  40
2490  40  40  40  50  40  40
2491  60  40  50  45  30  60
2493  80  50  50  50  60  60
2494  60  50  30  40  50  40
2495  40  40  50  40  50  80
2496  40  40  30  55  30  60
2498  40  40  40  50  30  40
2501  40  60  30  50  40  60
2502  40  50  40  55  50  60
2503  80  50  40  50  40  40
2506  60  70  30  40  30  40
2511  60  40  50  35  40  40
2512  60  50  40  45  40  40
2517  40  40  40  60  30  40
2518  40  40  50  50  50  60
2519  40  50  60  40  30  40
2520  40  30  30  35  30  40
2521  60  30  40  45  30  80
2523  40  50  40  45  50  40
2524  40  30  30  45  40  40
2525  60  40  40  50  40  40
2527  40  60  50  45  50  40
2530  40  50  50  40  40 100
2531  60  60  40  65  30  60
2535  60  40  50  45  40  60
2536  40  60  40  45  40  60
2540  40  80  30  45  40  60
2542  40  40  50  50  40  60
2543  40  30  80  35  50  60
2544  60  40  40  45  40  40
2547  60  50  40  40  50  40
2548  80  30  40  35  40  40
2549  80  40  50  50  50  40
2553  60  60  40  50  40  80
2555  40  40  40  55  40  40
2556  60  60  30  40  50  60
2557  40  40  40  45  40  60
2558  40  50  30  50  50  80
2560  40  30  30  35  30  40
2561  40  50  30  50  40  60
2562  60  40  50  50  40  80
2565  60  40  40  40  50  40
2567  80  40  40  40  30  40
2568  40  30  50  45  40  40
2569  40  50  40  55  40  40
2571  40  60  40  45  70  60
2573  40  50  40  55  30  40
2574  60  70  40  50  30  40
2577  40  40  60  60  40  40
2579  40  40  50  40  40  40
2581  40  30  30  45  50  60
2587  40  40  30  45  40  40
2589  40  60  40  35  40  60
2590  80  30  30  50  50  40
2591  60  30  50  65  50  40
2592  40  40  60  40  30  40
2593  40  50  30  55  50  40
2594  40  40  40  45  50  60
2595  60  60  50  50  40  60
2598  60  40  50  60  60  60
2599  40  50  60  50  60  40
2600  40  40  60  40  40  40
2602  60  40  40  60  40  60
2604  40  40  30  55  50  40
2606  80  40  60  50  50  60
2607  80  40  40  40  40  40
2609  40  50  40  45  40  60
2613  80  40  30  50  30  60
2615  40  50  50  50  40  80
2616  40  40  50  45  30  40
2618  80  30  30  50  60  60
2620  60  50  40  55  30  60
2622  40  30  60  65  60  60
2625  60  50  60  40  30  60
2626  80  50  50  55  50  60
2628  40  50  30  45  40  60
2629  60  50  30  40  50  60
2631  60  30  30  40  60  60
2633  40  30  50  50  40  60
2636  40  50  50  50  50  40
2640  40  30  30  35  30  40
2641  40  30  40  45  40  40
2643  60  30  50  50  30  80
2645  80  30  40  55  50  40
2646  60  60  40  40  40  60
2648  60  40  30  50  40  40
2649  40  30  40  40  40  60
2652  40  40  30  50  50  60
2654  60  40  40  45  40  40
2655  40  30  40  50  50  40
2657  40  40  40  50  40  40
2658  60  40  30  50  40  60
2660  40  50  40  50  40  40
2662  40  30  50  45  40  40
2663  60  40  40  55  60  80
2664  60  30  40  45  50  80
2666  60  40  50  35  50  60
2668  40  60  50  55  30  60
2675  40  40  30  50  50  60
2676  60  40  30  60  60  60
2678  40  50  60  45  40  40
2680  40  40  30  45  40  40
2684  40  40  40  55  50  60
2685  40  30  50  55  90  40
2693  60  50  50  40  30  40
2695  40  30  40  50  30  60
2697  40  70  50  45  50  60
2698  40  40  60  50  40  40
2701  40  30  40  45  40  60
2702  60  60  40  45  30  40
2703  40  50  40  35  30  60
2706  80  40  70  45  50  40
2707  40  50  40  50  40  80
2708  80  40  60  50  50  60
2709  60  40  40  45  30  40
2710  60  30  50  40  30  40
2711  40  40  40  50  30  40
2712  40  80  30  50  40  40
2714  60  50  70  55  50  60
2718  40  40  50  50  50  40
2719  40  40  30  40  30  60
2720  40  30  30  35  30  40
2721  40  30  50  50  40  40
2722  60  40  30  40  50  40
2723  40  60  40  45  30  60
2724  40  50  70  35  50  80
2725  40  50  50  55  50  40
2726  40  30  30  60  50  60
2730  60  50  50  55  50  60
2735  40  50  40  50  30  60
2737  40  60  30  50  40  60
2739  40  70  60  55  50  60
2741  40  40  40  35  50  40
2743  40  30  60  65  40  60
2744  40  40  50  40  40  60
2745  40  40  60  50  30  40
2750  40  50  50  60  50  40
2753  40  30  50  55  30  60
2755  40  50  60  45  50  60
2756  40  30  60  40  50  60
2757  40  30  30  60  30  60
2759  40  70  30  50  60  40
2762  40  40  50  50  30  40
2764  40  40  30  50  70  60
2769  60  50  50  35  50  40
2772  60  50  30  55  30  60
2773  40  30  30  40  40  60
2774  60  30  40  50  50  40
2775  60  60  60  40  30  80
2776  40  40  30  50  60  60
2778  40  40  60  60  40  80
2779  40  30  30  50  30  40
2780  60  40  60  40  50  60
2781  40  60  60  50  30  80
2783  80  40  40  55  40  40
2785  80  70  30  55  50  60
2786  60  50  50  50  50  40
2788  60  50  40  55  40  60
2791  60  40  40  60  50  60
2796  40  40  40  40  30  40
2800  40  30  30  35  30  40
2803  40  40  50  50  40  60
2809  40  60  40  40  50  40
2810  60  40  70  35  40  80
2814  40  30  40  45  40  80
2815  40  40  50  45  50  40
2816  60  30  40  35  50  40
2818  40  50  40  40  40  40
2821  40  50  30  55  60  80
2822  80  30  30  55  40  40
2828  60  30  40  55  30  60
2829  40  50  30  50  40  40
2830  60  60  30  50  40  60
2831  60  50  60  40  40  40
2833  40  50  40  50  50  40
2835  80  60  40  45  40  60
2838  40  30  50  40  40  60
2840 100  60  30  55  30  60
2843  40  60  40  35  40  40
2845  60  30  30  45  30  60
2846  40  30  40  50  50  40
2847  60  50  30  50  30  60
2848  80  40  50  45  60  40
2849  40  40  50  45  50  40
2850  60  60  40  45  50  60
2851  80  50  70  45  40  60
2853  40  50  40  40  50  40
2854  40  40  30  40  50  40
2855  40  50  30  40  50  40
2856  60  50  30  45  40  40
2858  40  50  40  45  30  60
2860  40  40  60  50  60  40
2861  60  60  30  45  40  40
2862  40  30  40  50  50  40
2864  60  50  30  40  50  80
2869  60  40  60  40  50  40
2871  60  30  30  40  50  40
2872  40  60  50  50  40  40
2873  80  40  40  60  60  60
2877  80  60  40  40  40  40
2878  40  30  50  40  30  40
2881  60  40  60  50  60  60
2883  40  40  40  60  40  60
2887  40  40  60  45  50  40
2891  60  40  40  45  50  60
2892  40  40  50  50  50  40
2893  80  30  40  45  30  40
2895  60  30  40  60  50  60
2900  40  30  50  40  50  40
2901  60  40  50  45  60  40
2903  40  30  40  45  50  80
2906  40  40  70  45  40  40
2908  40  40  50  50  50  40
2909  40  40  50  45  50  60
2910  40  50  50  45  40  40
2912  40  40  40  40  60  60
2917  40  30  30  50  30  80
2918  60  40  40  40  50  40
2919  80  40  40  40  40  60
2922  40  30  40  55  30  40
2923  40  50  50  50  60  40
2924  60  50  50  55  50  40
2926  40  30  60  50  60  80
2927  60  40  60  50  30  40
2928  40  50  50  50  60  40
2930  40  60  50  45  70  80
2931  60  30  40  40  30  40
2932  80  40  40  45  50  40
2935  60  50  40  45  30  40
2939  40  40  30  40  50  60
2940  40  30  30  35  30  40
2941  60  40  40  40  30  40
2943  40  30  50  50  30  40
2944  40  30  40  50  30  40
2945  60  60  40  60  50  40
2947  40  50  50  50  50  60
2948  60  40  30  40  50  60
2949  60  60  40  50  30  40
2950  60  60  40  55  50  40
2952  80  40  50  45  50  80
2953  40  30  30  35  50  40
2954  60  30  50  50  50  80
2956  60  30  40  45  30  60
2957  40  40  30  45  60  80
2958  80  60  30  40  40  60
2959  60  40  30  50  40  40
2960  40  30  30  35  30  40
2961  40  30  60  50  50  60
2964  40  50  60  45  30  40
2966  60  40  40  55  30  40
2967  60  40  70  45  50  40
2969  40  50  50  55  40  60
2971  60  40  60  55  30  40
2973  60  30  30  35  40  40
2974  40  30  30  45  70  80
2976  40  50  40  45  30  80
2979  40  40  30  50  40  60
2980  40  50  50  50  50  40
2982  40  60  40  35  40  40
2985  40  30  30  45  50  40
2986  60  50  40  40  30  40
2988  40  50  50  40  50  60
2994  40  50  40  50  30  60
2997  60  40  30  50  30  60
3999  60  50  60  50  40  40
